%YAML:1.0
---
# lidar2cam
extrinsic_matrix: !!opencv-matrix
   rows: 4
   cols: 4
   dt: d
   data: [0.00827091,   -0.999942,  -0.00688522,   -0.12097,
          0.0128715,   0.00699135,  -0.999893,   -0.12036,
          0.999883,   0.0081814,  0.0129286,   0.50653,
          0,           0,           0,           1]

cam2lidar: !!opencv-matrix
   rows: 4
   cols: 4
   dt: d
   data: [0.00827091,   0.0128715,  0.999883,   -0.503921,
          -0.999942,   0.00699135,  0.0081814,   -0.124266,
          -0.00688522,   -0.999893,  0.0129286 ,   -0.127729,
          0,           0,           0,           1]
