%YAML:1.0

K: !!opencv-matrix
   rows: 3
   cols: 3
   dt: d
   data: [838.656,0.,626.285,
           0.,838.841,363.969,
           0.,0.,1.]
d: !!opencv-matrix
   rows: 4
   cols: 1
   dt: d
   data: [ 0.030168379, -0.1065128379,
       0, 0.000906385]

Camera.width: 1280
Camera.height: 720

grid_length: 0.15
corner_in_x: 7
corner_in_y: 5
