%YAML:1.0

axis_x:
  x: 14.8858146667
  y: 5.17078971863
  z: -0.303621292114

left_up:
  x: 13.9646883011
  y: 5.07927417755
  z: 1.90267372131

right_down:
  x: 14.8858146667
  y: 5.17078971863
  z: -0.303621292114

right_up:
  x: 14.537771225
  y: -7.7135477066
  z: 0.759024620056

middle_down_left:
  x: 15.0006427765
  y: 0.855642318726
  z: -0.563720941544

middle_down_right:
  x: 15.2285175323
  y: -3.39958429337
  z: -0.842543363571
