%YAML:1.0
---
#image_width: 1920
#image_height: 1200

extrinsic_matrix: !!opencv-matrix
   rows: 4
   cols: 4
   dt: d
   data: [-0.186617,  -0.981994,  -0.0293705,  5.00596,
           -0.10997,  0.0505877,  -0.992647,  2.90194,
           0.976258,  -0.182015,  -0.117431,  -0.637176,
           0,  0,  0,  1]
